103680
5796800
7701600
641600
19120
132320
170800
344080
107440
136000
1312000
868000
2037360
1679734.4
430000
38240
94720
82000
92320
398400
1150800
422720
536560
71600
120880
355040
2229920
62960
449360
3018400
347280
31280
1667920
132000
952000
158480
256640
761280
1230400
274720
2666400
1826400
1045352
136400
294000
210240
594320
654480
176400
564240
1512800
737120
263040
788351.2
2013920
186960
374160
954264
290960
244000
441200
161200
438160
152880
1504000
1038400
465920
1044800
3500800
1225102.4
1770732.8
626880
77280
1400548.8
250640
166560
19920
854240
350880
561520
6980000
417590.4
656240
1757600
325120
1052000
54720
7386400
290160
599600
1163200
3384800
160080
347440
330400
2466888
840240
1970445.6
194800
427680
2057600
3472000
197120
50960
2209340
1748000
997840
4592560
1831200
85440
1263920
1156000
2537475.2
1832000
517280
220480
263920
543040
103520
1028000
749520
796480
2007765.6
609937.6
2113584
2476576
6534000
3752800
1299920
890560
579280
812800
147280
346720
123600
20000
647296
28000
306080
657384.8
365600
728144
49360
56720
1101600
878800.8
1296000
73040
22640
608320
2117600
8947200
3117200
4555280
73280
361600
98000
1513600
310800
1884320
659200
2541840
1198400
280720
801732
1153280
1757272
1515120
209200
1045840
3668160
5991200
411360
1217600
500800
3652800
879600
2887520
70960
54960
47840
17520
436000
654320
2028000
4727992
279760
7575040
788000
926248
245541.6
98400
1699200
517776
1780800
1876586.4
1634800
1437520
104000
1235680
147840
75840
354000
909600
22800
1887840
57520
328880
281920
1931120
1678588
464800
452480
1430400
581440
908000
1581396
3182283.2
6046800
248240
906400
63680
888800
58160
220800
4136720
2121600
1731920
126960
87440
2542400
653360
343520
161840
99520
5465600
140240
183840
4424800
1489200
2406904.8
301760
615200
231120
1168000
151280
3931600
128000
2516000
395840
499840
199760
47760
1323412
190400
825120
740240
887520
743783.2
343600
4434580.8
128800
453120
452240
39040
641040
1188248
1347200
263600
1539200
203840
1117200
1461623.2
46240
1285960
516400
407520
410000
18320
528000
559840
804848
312640
237280
304000
784400
272640
415200
179200
1211806.4
1759166.4
3725600
1796800
2210039.2
2177748
852400
257040
112800
535200
1273396
250800
287360
233280
2671570.4
2650400
208800
1230800
2588624
326000
254000
1024800
125200
812160
505760
3493600
598080
851040
724720
2218680
151200
118480
126160
1893783.2
497600
2424800
1797200
1665200
339360
88000
1378320
1262400
1146000
2653992
821600
1603600
122160
249120
543600
289040
1197120
380000
1403408
229440
1362738.4
2476800
1335224
1635936
686960
85600
2638189.6
4891440
279600
232320
492800
68000
600800
2799920
1506400
2588000
572000
529680
594800
248640
441520
270720
132000
672494.4
1405934.4
1649600
98240
86080
23120
60800
4841600
296880
154000
628160
1104536.8
670560
4657600
1607236
2728000
27840
238880
1807440
2845768
69440
396480
2465718.4
1488152
2341600
101840
849632
1543200
131360
1731424
2263520
191680
3590400
548000
495920
1876000
571440
175200
58800
2408240
779808
1019840
165600
2129200
69920
190720
1004880
566000
21360
880800
4245680
679200
231600
70000
184640
3596000
855040
398918.4
833440
876000
194880
653920
256000
78080
124320
7120
1384000
531440
292800
215200
481440
675120
64000
566160
27120
2917616
1890341.6
196400
116160
406800
3414240
405600
783200
203840
700400
364000
3214400
1202400
1829600
251680
39040
1785136
200640
225280
326480
424000
70080
748000
424000
4742000
1350320
105920
26240
95520
852640
1166760
467440
44000
1320489.6
78960
1705057.6
394960
82080
2328000
44240
730000
1120240
192640
660880
63760
731488
42240
2544320
313040
1537600
856000
1924800
168800
1580400
383920
517120
1456320
2054944
2789380.8
23120
238000
2022400
88320
538400
712000
249440
143200
355440
31920
469200
120640
2145520
4688800
67200
31040
820000
1391520
921964
183440
1608160
167440
355200
299840
1436800
538160
147600
363760
192000
165440
5762400
23120
261360
1676800
127360
3415200
3696800
771440
352304
927600
850800
2136720
144800
263680
603440
22400
622400
1754800
546400
80160
3004800
712400
1460000
1902802.4
594320
7842400
3030320
2673125.6
658400
58000
273280
561760
675600
471920
1062400
697600
1871493.6
458240
281920
1414320
146800
54960
255600
456640
461440
514640
586240
403040
221200
857360
4149852
47680
23840
2123342.4
865840
1714583.2
1165600
60560
1065512
1719072
470960
94720
507600
580240
63680
28000
303600
399760
193520
207200
1466064.8
1619200
261440
2140036
636720
501200
1548320
83760
167840
210800
406480
132480
258160
1305120
867520
761600
269360
135280
79600
69200
510880
8640
111200
5816800
788480
6788800
449600
337040
134320
266560
1253600
32640
181840
92800
89120
1227185.6
2476276
2988000
2732000
3998400
111520
972800
696640
177040
2716413.6
999840
3377200
356000
163200
480000
382880
27920
540085.6
3098400
450960
28800
262800
369405.6
1468000
103600
662800
1018560
2306400
357520
359680
51760
56800
370000
1242928.8
1319328
292960
549760
799644.8
457280
206160
2690400
839350.4
1716400
11200
1247871.2
333840
494080
130560
278480
815280
272560
2204800
688720
25520
403040
209200
761280
932400
257040
2417920
273760
154000
81120
572720
519200
804000
1898560
659600
111920
59680
143440
491120
204800
185360
51760
893360
767286.4
335520
616320
144720
536720
1928000
1644000
556160
753200
1888800
69360
2521840
1017840
1820904.8
311840
1065462.4
2589200
3275200
3192480
312160
882320
104344
546424.8
898320
1552168
438640
612080
2225120
78640
556160
2330208.8
1288000
767200
574560
1523200
17520
218960
137440
4529440
37120
2274240
2028000
208640
1313600
1917368.8
56480
283360
2200000
313600
5115200
4803280
478000
396000
781280
357440
3400832
202080
640960
99520
537440
2151920
421280
1078800
2545600
248000
783140
1731200
2714220.8
942400
579200
5618000
44560
482400
243120
31920
1042000
709520
556320
127040
295520
52480
666000
1866960
669840
221280
278160
1346400
257760
414160
612480
187120
747840
43120
1463730.4
36400
129920
968720
804000
94080
150880
744000
1209772.8
1514185.6
2570822.4
473120
128240
87600
789548.8
3829600
131840
168000
175920
468000
239280
35040
3364000
421280
1530720
114640
1557600
1279920
678480
92320
857200
920480
148160
122320
2240800
340000
1278477.6
501120
6541088
856000
74320
131680
52000
62880
248160
1830160
1009440
194960
723840
6221600
838400
308000
70400
66080
874240
513280
126400
504000
284000
1711488
105200
1491920
1048320
134560
265200
576000
71760
912800
104080
2461600
1406400
308960
3977600
881360
63680
4476800
728320
980560
196960
295440
2019900.8
289920
742560
210160
422320
269920
232720
709600
19920
686320
300960
543440
2665600
91760
1356000
2945600
37440
255360
336320
40560
2074007.2
1225200
290160
670320
79600
1220829.6
341840
95520
2660699.2
411280
4000
554720
304000
11600
270240
2776400
432000
1050400
836320
3184000
564640
2247200
1808080
151200
2069200
1749120
552000
737280
347520
1575200
2374808
1308800
444000
2139042.4
3108567.2
289680
86240
329840
50960
127520
302320
3057844
1160944
90800
356960
408480
2045200
737352
153840
963920
104240
693200
2424000
563440
84800
1901120
3656800
740080
1319532.8
260800
2362400
347600
20000
1532000
4019200
1057032
714400
12720
667920
376800
656560
254800
3505600
63680
1857200
6963840
199840
423920
1356000
229600
115440
474880
737040
2649600
579840
49360
1968800
6726400
432000
517120
1319920
238400
2405440
368320
1211920
106800
746860.8
164640
284320
513360
1940632
303440
308000
658720
36240
50240
662640
1430431.2
316720
76560
250400
1353414.4
2040228
179520
42960
98400
843440
92400
329600
1613600
101920
154720
679200
62000
224000
891460
142880
288800
1298800
146800
954400
27920
622480
1983200
505920
1320420
88880
1856000
547440
168160
1349600
152880
3486400
116480
347840
1581520
398560
82880
90000
725600
102000
964582.4
697840
2167560
1301600
760880
394640
305872
828640
372640
196720
280400
1288000
150160
1775324.8
528000
1762800
183440
275280
160560
112720
324000
1242400
2083520
1568080
1210408
1327440
44560
1528400
278080
152000
999177.6
298800
452000
687280
545040
1834560
84320
755520
2048725.6
529600
672000
168080
2115200
2440000
3358400
178560
2511920
746560
958783.2
429040
394320
887280
74240
788000
1141742.4
614640
235600
268960
2095760
66880
280640
431920
883200
307040
2388948
225680
245760
1714400
120880
1111104
207920
120400
134000
519040
1419360
165600
264240
1274400
656640
77200
750800
266080
619920
1195188.8
169920
795120
2797520
1681200
38400
609440
5156800
475280
3983200
17520
281600
487680
71520
2526052
2770000
640800
247040
203120
974149.6
115760
813600
870344.8
308000
1580849.6
429200
1293898.4
121280
856000
1054400
4647040
1247120
19920
2203242.4
769840
727600
521520
148800
2205600
719120
119600
4485520
938000
120240
1355407.2
725360
213120
545200
352160
305520
245120
222080
2428552
1376240
9642960
11200
331920
195280
98000
731440
663680
340000
478800
60480
227200
637440
357040
1874400
98000
347600
193520
824400
141040
2426800
2010793.6
1207200
188480
525200
2451600
456080
31840
2372000
1534320
827440
567120
523600
835360
3468320
1428000
257920
892880
295440
121440
2200720
587040
242000
971200
509760
583040
828160
2416720
294880
82720
103920
110160
2700800
742880
96400
323440
478400
252800
644080
2383804.8
231760
308480
2181600
1619200
427760
181360
223840
268000
132960
504560
1402800
605440
14240
277200
223840
2184800
996000
2221200
6262000
254960
512080
274560
4766400
1494400
628000
72480
1112800
509280
4201600
55760
2280700.8
648800
1427600
32400
88960
252480
944000
1530043.2
632800
1056000
3248000
3190400
1204000
1717360
135280
3428000
289920
550480
6189806.4
898960
300240
11584800
507680
804240
2310400
1464400
117920
169680
8788320
524720
5492080
2406320
273680
633920
1142560
554880
1607813.6
2287200
322400
1137600
578880
1067092
2741600
432160
252000
2448419.2
957600
392000
570880
230080
671600
189040
1141600
614480
720880
438160
1574800
395200
358800
1521600
2704440
912640
360880
1383014.4
619728
30240
125040
630240
649520
778400
3110400
572560
1053120
5600
167600
576720
110400
938880
1662000
6294400
855120
820720
426160
1899200
7377200
56000
2074400
24640
1455840
222640
2660000
280400
977040
70000
215680
388000
199680
511280
140880
355360
53360
476000
84720
76400
1002400
689440
1199318.4
213600
127280
1896493.6
238240
5476000
1458400
66160
570080
154480
32000
1952160
1334074.4
559600
4541200
544720
488240
289200
76800
92320
836320
266800
304640
166800
389600
23120
1447136
643920
528160
177840
113760
696880
80400
1611576
1631352.8
21360
1154160
179280
260560
676000
2653936
580080
453040
152240
142720
66800
486560
244480
1180677.6
2220673.6
3214400
54240
746400
2277256.8
944000
456000
167040
688560
785840
482080
4358400
2340800
431520
1875800.8
360880
2548800
1530800
769200
754160
392960
27040
1030240
2032259.2
188800
931920
282800
106880
833680
167600
267680
506160
80480
150480
4156800
425680
261120
856560
28000
1591820.8
588080
717360
480400
74080
1492800
394880
35760
38400
776560
472720
2287920
483680
3089600
970080
69360
282800
1096000
1593600
4178400
57360
95200
1877200
637936
2594160
420160
248000
458720
434720
80000
15920
622400
67200
278080
2197440
2540000
78880
527360
801600
473760
550720
1548800
585600
628800
722720
875200
4660000
213600
2212800
1292000
199440
1028800
152880
797440
5307680
1063514.4
174480
1563892.8
260560
731200
118000
618560
938800
23920
1198000
2932244
782400
5096000
2429088
984960
989200
2024700.8
16000
565280
860000
1075760
15840
420800
845073.6
190240
2715200
270480
62080
48640
238320
1633680
2509520
114400
322240
420560
856000
796000
1566400
487840
627600
288000
1472000
1640000
90800
362400
1302392
340880
222000
137520
2158000
1838800
396000
2073600
560000
329600
1823600
19600
1736400
2023943.2
582400
544000
607120
617760
351600
1035920
360160
39200
715760
2958400
1623462.4
44160
1141120
117600
651360
177040
253200
7120
5254480
520240
2997551.2
487440
125280
386960
155280
120400
40000
642400
38240
717200
8000
632320
564000
1296800
122160
1679164.8
998240
1152400
739840
290560
411840
1293384
54960
227680
1907200
314400
589760
493360
1900720
49600
1257600
237440
601600
522320
32320
808000
139440
53440
1384400
613120
203440
193600
930960
576720
17520
557520
93040
1929600
512640
1427447.2
2465600
709440
751920
738400
70880
182160
1159760
581600
755120
24640
531600
858880
808000
77520
921600
39040
685680
148000
966640
436000
134560
560400
667680
69360
61040
31920
740960
1223840
328000
65360
9111200
2713380.8
262480
529600
459440
25600
628480
344560
921600
914160
760480
2669457.6
212000
456160
1286400
338640
181920
533280
408640
304000
96320
912160
58800
7120
1419163.2
5008240
449280
44000
675200
59440
1083200
2267920
2707200
602240
874383.2
196560
959744
310720
1797784
35040
4604000
293680
2002356
3885600
1641632
553200
536000
58400
1652568.8
4550400
118720
5141761.6
834992
3056800
738160
569680
97920
143280
87040
255120
2748754.4
919200
1978400
353760
308960
1682400
239600
1715038.4
134720
340560
207680
591360
249040
181520
264400
290400
626000
1763200
868480
63120
90560
552800
1509160
630240
440000
3694572
1316000
519680
353520
4639200
295280
754240
1024000
1881440
6000
191120
25200
182080
54960
497120
549680
282400
2135440
182240
1183200
1202240
2109806.4
432000
316160
146400
618880
110000
31840
153840
2039920
368000
307520
7120
626720
586400
154400
1252800
15760
1709600
5149200
434880
666000
1632000
178400
509200
1305200
50400
792960
856000
54000
31840
3153600
1144800
446880
1458400
510178.4
2036800
221520
270800
70880
300000
109920
1534400
286240
60080
470320
1045600
140080
344080
1704000
514640
118720
361200
1086139.2
4056800
2377600
812800
648000
433200
1779520
407360
900400
2012128.8
130880
474800
71360
306080
662880
242160
392000
83120
199680
451680
89040
41200
684000
433920
892400
635680
431600
115440
852000
57760
1431305.6
15920
90080
4237520
868480
369200
709040
2336000
32320
89840
3220800
842477.6
520800
979151.2
591680
1858240
1070400
2555971.2
1628240
425920
709280
743280
256960
3072640
120000
88560
363840
542400
818400
438240
453200
584880
422560
1376000
294800
557200
692000
185680
651200
62000
937600
5594160
64000
877008
1919856
873520
778800
55200
694080
457680
139200
691440
98800
1709592
6366400
17520
147280
784640
156960
44240
126960
394160
2113760
344480
412000
6952000
1872720
521280
1221440
476800
137920
265440
811920
1358160
940320
29920
804160
97680
780400
571120
1583200
1101600
63360
169600
125520
88720
89120
54960
3520408
1720791.2
231840
220000
363600
315440
35840
470640
389840
1367840
251680
521840
16000
556400
86800
292240
924000
2326400
450800
1920000
78400
206400
535200
350600
238400
8000
199360
800000
882080
187600
2328145.6
35840
155040
7120
169600
648640
2193200
78960
877200
148320
204480
1380950.4
490400
3523200
152720
15920
3232800
13600
997760
1195520
114640
476160
145280
469360
548560
585440
1520000
181840
308960
306400
2397280
148320
93200
253120
124000
923280
508000
884000
509920
2411600
1628400
45360
707920
11200
722400
117520
1774947.2
126720
6000
564640
806640
152080
132000
3154400
1822327.2
1714021.6
31840
704080
152800
128240
191200
138560
170000
438640
293200
2715684
343920
180960
409840
873087.2
2157600
443440
6395200
428000
6842400
428800
432800
132080
320000
1121268
14240
2903944.8
379120
69600
6595200
353120
1876000
155200
93280
4085600
352800
343280
17520
708800
2140800
825440
19920
277040
1598800
384560
151440
554720
988000
281600
1932720
356720
569200
821760
163200
887600
39200
5216000
907680
1079040
2198580
374880
1480000
632000
18320
645200
874240
240560
132320
3654400
3543040
826320
921744
128320
35120
291600
2455900
154720
711760
1292000
51040
1031374.4
339440
152000
1086880
421920
478400
139840
20000
1389856
133920
1265600
745120
230560
35040
452080
1658800
792960
50960
3950400
360160
881600
999440
2022400
470160
85680
976000
604155.2
37920
267920
1028000
152800
203280
60480
66800
401600
77360
765920
108240
4358560
2271165.6
715624
1734400
455040
180000
929565.6
1277680
3746400
867387.2
802400
2030400
44560
1140902.4
2804176
591280
284000
1603760
405200
73920
3860160
338960
102320
1435792.8
960720
81200
348320
11600
307600
2435984
328000
2361440
999200
1027280
223200
2328000
1014424
615520
1345985.6
835360
15040
284240
496800
954640
491040
1109216
78400
96560
1416320
1682400
220160
1941440
3172400
631440
461280
375680
112480
343520
1399120
296400
375120
2423600
4018240
498880
49360
1297200
1628000
243520
1003200
732000
856240
5687200
416000
44000
85360
468800
106800
68480
388000
646960
1836800
138560
148240
799200
890109.6
5315904
105520
244000
363600
1206624
225040
458800
702960
175920
332880
574560
258640
119600
428880
115280
4553200
132000
621360
1466720
232240
64400
94000
61280
716640
2141040
23120
734480
98720
3340000
27920
19920
1171512.8
99200
1876000
466720
1386768
470720
2162678.4
1907896.8
5452800
779629.6
2992561.6
832880
465376
1370426.4
131760
636480
102160
81280
70880
1108576
16000
683280
886320
340320
410400
256000
831200
3000800
4431200
1389600
1204800
101920
1043760
828800
2847955.2
1877120
2775804.8
4579360
5664800
3997760
2336769.6
200000
214640
147440
663520
409680
795920
536000
24720
173040
42400
517440
253520
37520
609440
442080
83680
1514960
1874400
140800
4355200
222400
2191208
3232000
48640
304114.4
65840
680080
176800
489280
821360
480880
132880
2244000
496560
103680
75680
370720
2119600
7120
371920
1330000
2348000
4516000
1480000
1532320
64000
3374048.8
397280
11240800
87520
1076512
325600
80800
348000
808560
294800
281920
1711920
118000
150240
115680
85120
151440
696000
1058736
938480
353760
2226754.4
31840
123200
23120
23840
60320
1093600
1577200
80400
3472000
361280
120000
323360
39760
59520
488800
961344.8
6252480
1241200
17520
112000
1990720
83760
770320
608800
630240
103680
6426400
4212800
108000
679200
862800
48720
2076960
717200
84400
66160
880000
495680
2767920
142720
147840
1607656
246800
631840
388880
1832800
277600
327200
176000
104480
289920
817440
1290053.6
3332800
623920
1330116.8
242000
832560
1752320
1235244.8
1542800
634960
105920
1383200
2886400
2030400
782800
2836320
388640
473200
85920
726480
672240
244000
125200
167468.8
16800
555440
37440
1268320
520160
410080
284880
412240
42320
1882720
708000
2676976
2605276.8
296000
34080
719040
908880
1526400
104000
282240
2008000
82000
294720
2612250.4
168000
186880
296240
893360
243360
801564.8
428880
23120
116320
163600
3584000
186960
138480
194240
57360
45440
664080
549120
1073686.4
237520
342080
354400
688480
325680
1251146.4
601920
446000
8015440
576800
2505200
267920
115440
1631120
2221242.4
1844400
1133920
89680
2878160
189520
199520
472184
341520
1379104
472480
684400
46960
67760
63680
4634656
2413360
2741555.2
500000
84400
2689440
1249520
105040
436480
306880
2001520
29440
285760
2850662.4
63520
811200
1961600
86720
54880
899348.8
4246880
75040
388000
1772690.4
1569075.2
2745440
50720
83600
6733040
1998308.8
441040
933480
245840
1306560
387040
63680
50160
295600
1895920
944240
205920
195840
577244.8
17520
1194328
552640
207840
1341600
130720
1159064
1752800
930400
62080
1458720
771040
3543200
465840
579520
54960
150640
414560
200800
248320
131520
62160
1945103.2
46720
121920
80960
300560
1170800
1100000
913200
618960
202960
54960
442726.4
417920
1895360
334240
6658240
363680
307200
135440
8640
1019360
213040
1641600
66160
1712000
265760
88000
34960
233920
36640
590800
173600
384880
5492000
2242000
1480960
509600
652800
117040
464000
463920
187120
786320
305280
1114500.8
55680
4350800
184960
1813600
714480
205520
618400
765840
123040
39040
493040
208640
822640
170960
1737455.2
1678400
1838360
311120
69200
528240
631120
518160
1789120
244640
1910859.2
2269360
620000
116320
322800
672000
2489200
533040
172880
221200
3379200
102000
832000
924820
1512000
176560
3058720
4434400
376400
7120
61440
95600
1947920
23120
1270000
393760
1110400
1395920
770400
50000
822400
120000
953760
1587120
148320
148640
907520
236720
69440
4929680
8640
1101040
218000
1100400
72640
573200
560000
110320
747600
2655214.4
78640
1336000
330800
5897200
262240
233840
704000
1102880
75600
234240
118560
1550400
485840
291840
669600
44000
1707156.8
25440
107600
1034560
1373600
1790400
546480
125120
717600
645280
508000
605280
320640
44560
632480
1919329.6
2098720
2518336
2452000
817440
63600
908640
12000
4352000
6172800
1080978.4
253760
282640
44000
1042560
124000
924000
682320
99680
1840320
509600
112000
5651520
1374909.6
215840
1496878.4
145840
242800
505440
3364800
2833881.6
267600
38240
3125120
977360
69360
194480
120880
697120
2596000
1720000
269840
323200
739680
402560
165920
760400
2278400
74800
392560
238080
79040
31840
351994.4
708720
1198760
1236000
355040
649360
2623440.8
248800
1828333.6
501517.6
232320
1155563.2
2072616
670080
1204872
44640
688080
89840
41360
7120
57360
673360
77920
7120
187920
350640
8640
158480
748000
1497200
1915520
35120
961600
21600
877760
1146400
144320
1247840
1170240
262400
516720
394160
504080
418000
430240
583360
3284176
919200
569440
1192000
792800
905280
295921.6
166640
438960
877120
899040
396800
705920
1878466.4
332720
1305408
41600
2431200
1182400
177920
176000
1034400
288880
53840
861920
2369520
504400
75600
750000
116800
2371200
465040
672480
1197468
1660800
58800
543360
231680
66880
687520
1271840
988400
462400
38400
70160
173600
297840
1682164
430160
36000
337760
600800
895600
1581915.2
2764000
487680
2145440
1416000
1298366.4
286000
556880
142560
1420000
172880
181680
2424160
1463704
1796400
684240
520400
201600
164800
2623360
6584000
680400
1021920
2551110.4
3957040
246640
764400
183440
582880
3242400
33600
401200
1551200
67360
8196800
681840
340080
534560
43760
3765600
758240
21120
23120
2732000
254000
2378240
374800
408560
38320
1651328
377600
697520
102560
2439600
2552872.8
60480
3460800
310880
1060960
729920
32000
2205181.6
355840
334320
102800
727680
173520
1103973.6
98000
55040
78080
99440
582240
32640
81920
465440
1932433.6
249360
717200
1649728
956320
476000
314400
294880
1520800
1047920
307440
717360
196800
177600
204000
19120
43760
126720
4498800
801760
113120
248320
117040
19920
7120
2634173.6
573600
1755436.8
158480
93200
437280
68240
403680
203840
151200
770400
588480
1414400
638160
2795200
304160
23120
2659200
61840
445360
187120
2644800
52000
811120
219920
105680
2132800
719360
3403102.4
627120
678640
533680
164960
1659497.6
989313.6
113600
109840
1732473.6
2440744
2258400
926332
379920
3230560
63680
2200400
25440
140240
948000
12000
2536000
984000
2030880
1155200
4159520
1214400
1116320
326800
513040
405120
304000
1065432.8
1935063.2
5006960
1278851.2
208480
536400
1633200
347680
712160
340240
159600
536000
67440
23120
225520
176000
1907887.2
1250320
131440
2746400
170160
614160
409200
3203440
529920
63120
1480000
679680
1119920
43840
254880
89840
1276000
2123800
47840
528720
277440
84320
2111200
1248000
47600
110400
3325840
56000
29440
572400
66800
152720
2391040
7120
3204560
133840
72000
360000
158720
1557600
84000
302800
2238820.8
368000
331040
209280
131360
1068000
2730560
37440
1152000
47360
708880
1582400
36000
1745600
665680
467680
2005600
1109200
234640
659920
1085840
11600
334320
372000
336240
585680
65600
1323920
384240
316960
243680
19120
2064208
626720
783840
130720
32240
51920
226880
5277120
18320
1658080
605128.8
738720
230400
683040
8640
4782400
1297273.6
723440
245280
936000
521120
5160800
716000
3782080
83840
146560
167280
985200
776138.4
620880
4225600
357200
1220000
352000
424240
259760
838080
1941200
1329600
1105802.4
240800
100320
552320
371440
35040
70880
31200
1704288.8
593360
415440
2275144
1353200
1820176
873280
3585600
559680
139520
937120
84400
198080
107680
1004000
35120
1634908
388000
295600
65280
213520
13600
1599497.6
106640
857120
46560
144800
188400
787440
19120
1390400
512800
1132400
1780800
1176000
2044000
1713600
1737600
162880
51200
17520
737760
386560
62080
478720
829200
516480
131360
400
651360
1296880
4946800
360880
888000
172000
104480
428000
35840
1188800
1202160
37920
444240
506240
3079760
1915920
58720
612800
829360
1599200
785120
264880
2727200
2448000
625920
698480
1429120
52720
846440
1505600
1156392
1163920
2717024
912000
1216248.8
439760
963214.4
173600
444000
1388000
1142320
3813120
2348800
521840
3671200
1003566.4
1016800
1059600
2102400
171200
192000
1696012
404240
25360
4009600
168800
505040
132000
3050400
807760
45360
496000
61600
90080
586160
524880
1488320
752720
276208
4504240
102320
20000
60400
561600
673600
7120
560480
961120
378480
19120
642080
122640
170000
1923200
617680
2835120
295920
509280
1618288.8
1577608
522560
2338400
88080
192160
2190402.4
19120
534640
63200
783840
2261600
1857520
1120000
343520
1542000
1104000
4610320
458560
122640
2622400
1206055.2
491920
255840
1306768
169600
246640
108880
5890400
3028588
19120
3091520
457200
357440
344000
48560
93920
421600
86400
1692000
60000
2563144.8
465280
691920
1736
1716000
1027120
55760
1856000
901760
67680
3466320
92400
1166400
1625546.4
237360
317200
585200
464400
11920
274880
1487360
104240
1058080
766800
201520
400
405360
1419804
146400
1056000
106160
23120
1426720
427200
3410560
1638400
1187054.4
1494400
185840
814400
346880
20240
14240
5073200
435520
110720
2512400
160560
1548000
2322313.6
767920
603120
2773840
76560
652000
1091496
1633200
404000
1093843.2
826000
480720
532560
853280
2252800
126240
1829653.6
5574480
145600
252800
237200
1035853.6
506560
167920
343879.2
122160
707280
3403040
2800240
1601520
244000
93120
554800
1137600
698080
113120
57040
257920
31840
1572968
44560
1684000
362400
1005236.8
3469600
893600
126720
79920
263520
1257452.8
419920
935600
444480
1290542.4
445200
267440
156800
836040.8
5803952
2984560
5052560
512080
569627.2
255080
130560
996000
2015600
156000
1396595.2
591520
2353600
548000
840880
1160000
3051200
80400
1912000
88000
3570900
335120
709360
750960
125920
239840
192880
3704480
555440
216400
1717167.2
678400
568480
1916640
4482800
2771920
7920
240320
1812104
6912720
133360
621200
1467120
95760
1016800
3135280
1875200
69360
1753520
3069576
59680
2263304
169920
57760
3222092.8
54480
32640
441120
4197600
784960
25200
240000
134480
376880
761680
44000
417817.6
191200
760880
307600
802880
1175200
543520
44000
384800
48560
19120
4939200
204480
268480
79760
88320
4140720
207600
197200
145680
324000
1100720
124320
234320
408480
959440
553280
894880
2069320
1957984
351920
434720
5846400
367200
811200
687440
1136400
64000
48240
187840
2487200
2042400
43760
15920
251520
3715200
832880
931680
414240
140960
1383600
479200
2090240
1824000
446960
249760
531760
336000
1996000
1620018.4
62880
193120
1936000
457360
1385760
2028800
2081600
74880
2221810.4
704160
3047200
5478400
1112927.2
431840
158400
1066175.2
79760
1241200
2672000
1164800
1540720
164000
630123.2
108880
356560
3775200
823440
513920
34720
3996000
2290400
276000
1768000
844000
672720
447600
3735200
474480
964000
91760
397840
309760
224000
1320824.8
55840
69360
394320
349600
829512
149040
1649902.4
993208
342960
2684800
274560
89280
182560
1814400
740960
36000
79520
838640
640720
551280
4940800
178480
175200
756720
280400
31840
149760
80000
7305600
198000
70880
687280
230480
1376832
1105280
362720
205680
4492800
207409.6
292800
888240
92800
690400
6530480
2037600
1077200
575200
624400
579920
17520
91600
170400
31840
303360
218320
1003920
94080
198640
144240
185040
57440
295440
6067200
199840
732800
643200
3279520
6812960
8472800
825821.6
306960
61920
471076.8
63680
460400
187440
1097600
668240
620880
4750400
4344000
48000
374400
816720
58880
102880
867920
1426000
657440
2483200
39040
821920
1181433.6
77360
163920
555600
594880
550320
38640
4838400
70880
392400
467440
551200
545600
143200
3406400
1007824
690960
106000
457920
581280
924000
2790000
1042400
1089200
671520
1240800
208240
788880
6212800
286080
142560
17520
79040
116480
65600
126640
25600
81840
770400
1132800
1476000
1530304
292400
1042240
704800
168720
1030400
1241520
228720
239520
1046640
2049600
684246.4
168720
624000
456000
991200
213600
81200
440000
1407600
230000
752000
946219.2
1795920
35040
133600
57200
1471120
2221623.2
154400
66240
309600
7340800
4272800
3736400
139520
488560
6529040
164800
170800
232720
539520
610080
752000
5182400
152720
499840
3459200
131520
270480
1322400
251760
591920
402160
4362800
772640
19120
1706688
758640
7120
742960
1112480
120880
75680
260320
78080
369520
400
1394416
803360
32640
63680
1639200
2163133.6
1308960
1148000
178400
455840
1809888
1084640
1495218.4
1844960
79600
154800
1718000
307200
3170400
76000
118560
704000
2282400
138720
1733600
1171524
353956
123520
36000
67200
1779224.8
2160400
50880
1388000
54400
670640
452000
20240
263920
376960
737200
306640
213680
209520
1906400
52560
581040
618960
1260160
483520
805360
98720
71680
51120
4981600
1597968
696000
448000
337920
5748000
2167200
281136
435360
208320
146800
501440
1561950.4
281600
1045280
30720
21360
1862195.2
2736560
441760
50320
299040
176560
636240
605760
48320
2254400
104080
7738240
117120
610400
105120
60320
249200
3155651.2
206000
1240400
171600
654480
3463200
19920
216480
116800
747120
767890.4
98800
695907.2
1202400
356000
201680
112400
2836800
896576
4228800
114800
186800
80320
194080
739200
113440
4730400
2578400
256000
44000
160080
648000
668160
1337160
506480
433520
1887015.2
46800
2268000
7120
44800
2160000
2024800
1219834.4
710000
1197600
382320
177520
137520
732080
492400
1620372.8
207120
1111520
248720
428000
2606529.6
2192800
544240
169760
1571859.2
112800
1716784
109200
118560
729252.8
3464400
10527920
3766000
2951200
1269600
404640
2669084
183920
436880
89120
198400
108320
93520
2104639.2
197440
309840
572080
587120
3741600
294800
2230371.2
34720
120960
1680536
105360
210400
517526.4
4730640
1376000
25840
90240
161440
7321520
55840
889040
1169376
3184000
682080
698800
188160
155600
176680
2711520
153760
684800
222480
2161120
2254248
166960
807200
132240
595840
742560
23120
31840
839600
593920
2156980
6098400
68400
170000
3793600
252000
186240
44160
836640
360960
756480
1042640
2303513.6
8640
636480
29920
262400
641680
116000
83680
121760
2051200
101280
307440
649680
1949968
49440
43575.2
1769841.6
1097600
324000
94720
2331048
310400
335440
600720
2394160
251680
5573680
1656236
109920
278560
384000
275360
737204
72800
427200
991298.4
99600
694480
712400
1372538.4
2112400
589520
696240
4560800
426880
18320
1041584
488880
1304088
52560
1469412.8
65360
29600
860000
872400
314080
1957153.6
274240
634720
4516240
18720
224800
299680
7120
1554255.2
144160
564400
126800
902080
666400
180960
89840
8076400
443120
268480
132800
19120
578960
103120
14400
540400
28000
389680
207520
1887840
1256725.6
1848000
83600
46240
1008585.6
112880
471840
1548536.8
692800
329920
611360
400320
18720
176000
604000
454320
16000
1332000
1146640
416000
97520
537680
963200
4755040
66400
192000
3014400
271600
4224800
379040
408148.8
187920
1412800
162720
32560
1121920
1728800
354880
1405920
240400
124000
1549136
881120
565520
3832800
159200
1466872
725920
1964000
2648772.8
844560
148960
696800
175280
1912912
437680
544480
762560
3204320
658400
640240
4118880
2532600.8
208720
523120
407120
2288800
624320
581200
701744
2642400
246480
3286400
3714400
175840
386000
513520
116160
466080
120800
18320
487040
3668960
1370066.4
19120
766160
499600
834400
1274190.4
1766691.2
421200
270880
1277040
1579040
1922456
1772000
1057784
811625.6
1343744
7120
105200
2569600
704000
776960
2736400
627456
947520
751680
202720
103840
91200
747920
54960
51040
275840
809600
2346837.6
446000
81280
15920
353520
210480
55840
347920
133040
1532983.2
113200
152800
436240
388720
437040
1520220.8
118640
718320
90880
1320880
514064
11519.2
837440
2336640
442720
236320
697920
2321332.8
634080
296800
2089997.6
671280
96320
506480
182160
136000
2444000
2568800
183440
3540000
1325520
1739000
1364000
713200
3736000
736160
420160
678640
864720
25520
3013280
268000
1724000
453440
47760
67920
552800
90880
201680
576720
92480
132000
33440
14000
153440
2411200
138880
2276400
45280
417840
1107040
132640
358320
594800
25440
960000
281040
44560
311440
357200
15120
1762240
228400
202320
1623520
2038400
1079680
288480
1677600
245440
726640
210400
321440
648000
27200
143600
737280
683200
36640
120000
112320
495280
8640
824080
828960
432720
267440
286800
558080
1136497.6
298400
1151920
166000
549040
156880
11920
273280
253120
2806400
372000
127360
212720
104640
234400
1099680
122960
101120
1621600
893440
376560
210880
51680
5640960
224800
244320
400960
468000
1822400
1628000
1876000
23120
961856
1720000
1235040
439680
22880
618720
2147200
442320
185520
99520
918880
194640
57280
804000
279680
854400
636240
425600
400
1764800
2187600
29520
1068800
17520
1428800
1164000
1914400
224000
306240
117680
282400
2033680
2577719.2
592640
259200
870400
293680
332000
1589600
672000
662560
951200
979200
67120
2422400
232480
110400
815440
1930400
314240
332960
217520
78800
677520
12720
256000
656160
1720996.8
515600
1032000
2700000
78640
2464616.8
317360
630960
783360
270240
981600
191040
1822400
772400
56000
214240
85520
3002160
76560
1011920
39200
1887120
987520
696800
487280
225600
23120
224080
1657696
956800
134720
136800
1072000
301440
688516
760000
1513967.2
393280
150720
1824488
338320
1036203.2
536640
1794400
31200
154320
660000
153680
103520
202240
194720
162880
4647200
66960
910400
2352000
7037600
400000
116720
70240
3898064.8
5462728
7159120
3183200
1948160
1785600
537760
49440
1776412.8
1433200
2827200
673120
1623040
1012000
1220800
236560
508240
1848720
2205760
33040
504720
31920
314880
12000
83600
247760
699360
1509600
3417600
1068880.8
111440
100320
477760
1448000
705600
199120
701200
1757344
343120
71200
44640
55680
3785600
114640
1493200
613600
2187600
44000
318320
828400
68720
725840
1884800
1376000
82160
45040
195360
6062400
675840
160000
517968
2359517.6
677040
490720
156960
78240
2719200
4275200
997120
883680
444080
359120
424000
3997840
351840
55840
195040
239600
681040
1642000
30800
550400
394160
42480
73360
343680
924000
395280
130320
788000
16720
4817568
26800
31840
920800
1963031.2
376000
832400
180000
916000
901120
101680
331360
752800
6472400
808000
152880
275200
238160
228800
766480
4131200
218720
1834400
78320
216080
1561600
1697200
945600
54960
64400
405920
20800
1219336
1414176
5464000
180400
1123016
326640
340080
279120
1157600
64400
803760
537200
177360
240000
297040
84400
2176000
1141200
3272000
540240
238080
187600
2136000
1594538.4
95600
3217600
457760
682000
2267840
742640
294640
862880
2362400
3551200
4293680
3038857.6
268720
38720
4798400
154480
2676072
1254997.6
2590720
313040
1194800
514560
575040
63680
44560
319280
317520
3715200
63520
420080
1892000
5194400
162480
86400
790400
1327360
4991200
3535760
765920
100480
1360000
793600
204560
103360
919600
1953120
805040
208000
698480
691840
863920
723520
3562320
222400
878640
439520
382080
392480
193360
179680
540320
172000
1931920
90480
454800
151120
23120
88000
1274400
520400
106640
1285452
471920
1056000
50240
46240
84480
613920
1981200
453680
8400
698320
126400
17520
523760
124240
3767520
2369200
11200
318000
363840
3318400
274800
893432
276400
536000
33440
255840
1087752
566080
705120
2054196
642000
138400
290640
320080
56640
17520
168880
63680
314400
650240
50240
714000
74400
15920
255440
272800
1147204
2220000
12720
485840
2539838.4
197040
1430059.2
816836
147520
383280
3717600
391360
1976800
458080
2149696.8
1919200
5222000
2389520
532480
383520
776000
231200
2015520
4538400
813600
624160
812640
703360
355040
440000
992000
752640
598880
6515824
134400
1036000
67760
1393200
47600
277840
889360
249840
1025600
1086400
982891.2
152080
1143920
3302993.6
462480
151600
1898736
131360
22800
1348000
127760
793600
147760
196080
121920
976000
2106400
200000
2347920
1787920
85280
1019120
373280
2589315.2
161200
365040
4380000
2056800
419016
47200
260000
145920
607760
132480
1980327.2
160320
350640
644960
3154880
452480
623280
6837360
689200
1770400
672960
60800
1533200
70880
191120
1836000
1826400
11485600
159200
233280
144000
1273200
296640
652560
4083200
709360
2110637.6
16720
588720
45440
495600
168800
1584468
846240
812560
455680
2607920
263840
1379520
498064
258800
179040
2122400
351920
312000
433280
406480
555840
757360
221920
1600000
848000
494400
1617826.4
1974784
270720
323920
524960
84000
135040
1534400
1598400
108000
2916000
23840
377280
104080
8640
964160
381200
144080
340880
2054167.2
141760
420000
240560
972960
990800
11200
414960
1713200
195920
251680
348000
4992800
2009146.4
112240
215280
4235280
925200
449680
232000
75840
45360
726880
607680
7517680
3239600
1300800
1594000
1308800
118960
290560
504000
939840
1680000
5880000
508720
104240
881680
2101720
425760
127360
398000
106000
508000
587840
448960
1292800
453200
15920
1447760
194080
702928.8
373440
153920
3206400
1957520
590160
50640
3040320
6045360
871920
822400
60480
344000
1124025.6
3136000
1128000
316960
88400
152000
1343920
1762619.2
1077600
105200
687600
477760
1046320
108320
223040
63680
167200
2050000
92000
1352000
1087120
765200
520560
166640
1493216
160000
109600
1179920
50000
1225424
387840
2072800
790880
513600
48720
1321520
360400
2080800
1440000
1620800
42080
755680
276000
271360
3421600
520720
1716000
3426400
21520
136320
416560
695200
395280
598000
1406400
2110000
521440
1808800
111520
415760
545600
175520
867680
112800
769840
96080
3339280.8
712000
556720
1911600
79600
1027560
337120
1049200
1308000
213600
5748320
1026800
6816000
676800
458640
2019000.8
885200
722960
3760800
1302400
4053840
228960
851780.8
2591600
32000
751600
11581600
1053280
1158224.8
267760
825200
7120
349600
1455200
266800
223600
35040
1006150.4
368320
1056935.2
254560
194880
764320
5904800
1150720
768000
822160
417680
6482560
124080
465360
242320
1857448
264560
89280
142000
1480720
1268800
121600
49440
876800
32800
105040
113040
515200
61760
176000
1160000
637360
964160
178720
1287840
1870463.2
126000
640000
18320
6349600
408800
696000
776480
3002400
109360
2377600
598560
761840
572400
472320
684240
960800
1004560
588320
1056000
114000
1781120
2282720
390560
1301620.8
1481520
1259200
1220000
75520
809680
363600
555280
5742800
3832480
2059696
15920
35760
167120
78080
2661600
151960
1555600
172000
583360
909120
357200
515840
643680
178400
1912000
195920
124000
375600
689920
1395360
1252000
144880
612000
615680
1792800
1444331.2
408320
2475200
3233005.6
5235968
1725200
183120
1179476
701200
144000
4020800
662320
274400
128800
118800
382400
7860000
508000
7728000
159280
687680
8779200
3430800
1420264
2044000
1002800
195760
41040
2869680
107440
896720
408640
67200
136640
756080
237200
240000
312960
863200
382160
600480
48800
5321600
50400
2185824
844800
1864217.6
123040
892000
491600
37120
93360
517760
1407600
110000
2407200
464240
449040
1234560
935440
506630.4
8400
118720
88560
63360
2751598.4
366000
23120
35840
513680
306000
17280
1315908.8
2373301.6
304000
55200
4484400
1013920
9953040
47040
682080
115680
1099200
869040
631920
1925840
233760
558056
700640
578000
1537888.8
241840
502880
290960
2165600
1590400
138960
514160
389840
1118000
921840
3286400
2018953.6
95200
105120
294720
129200
528000
3053600
728000
931280
294400
173600
2265818.4
63680
54400
47760
1054400
268720
1632000
1601200
156480
1869600
70080
338320
5250240
764000
102320
54960
410320
389760
4213600
475600
592000
575280
287840
426000
456000
193680
345200
208320
17520
17520
1110000
268800
1128800
150560
793680
1273008
105520
115440
35040
6138400
19920
60000
426720
939200
102320
236000
783360
455120
752720
8423920
102000
2385600
597520
175040
224480
43760
705520
284160
283840
629600
118640
1902052
812000
188960
1698046.4
1629840
716480
518400
611864
249360
315840
84000
136400
226880
1531156.8
1401200
1581200
1618135.2
5162400
228480
3261600
1156880
720880
238880
364800
2600000
12720
328240
1033920
2468000
87040
367440
444000
6024720
633680
854240
15840
572800
231840
2948369.6
138560
202320
749280
3584800
754320
953200
1173200
3071920
28480
138560
446160
236400
592800
250320
246720
10880960
50640
408880
1969600
929873.6
256000
50880
188640
112800
372720
63536
3273600
70080
328000
5282400
185600
38160
795600
1828800
322640
932560
753840
1078400
297360
1577600
329680
1186754.4
119440
27920
507680
44000
334560
951200
5925600
2620560
1757600
3412000
1922800
2632298.4
39760
694080
276800
397440
133200
1386400
175040
425600
1524000
200080
131200
1062800
46160
1478880
61600
567600
1763600
149440
349680
22000
480000
992000
911760
1939200
377600
374400
109120
3348400
341840
83600
3877600
554480
84000
501120
1285200
556880
198960
1207776
165600
3187840
84480
7075600
223040
1888800
299440
195840
2171040
5545200
168080
1209044.8
62160
1468800
1273520
479200
694400
556720
1412000
121520
5071200
2906400
3314400
1824000
584000
114160
1674000
810960
63760
2773920
758800
206320
3351680
43520
1660542.4
339440
6251024
86000
149760
375360
1104800
39040
165040
35040
159840
373360
646480
1127200
742800
92480
218640
336000
45360
458880
182400
2958967.2
2409440
159200
4914800
12000
470560
414960
424000
2965600
453680
114560
507760
463760
315840
2181600
576000
14000
21360
212240
199680
78160
890824
23120
7480240
1768444.8
53360
448880
637360
581680
1086680
1233360
372640
1803200
1871200
428080
199840
7920
1141026.4
116240
99040
1080000
1020720
76480
10234400
45760
12199040
48960
2595200
625120
684560
667920
716000
1844720
359920
386160
1319920
2791977.6
65600
83680
1583920
642880
20640
452880
663600
220400
205040
513040
1500000
98640
574160
76480
78080
501600
589200
2111936
162560
275360
88720
2144000
308000
49360
570080
263200
160960
460000
2022640
547680
2112320
422800
203280
334480
72000
3895152
116400
236720
72960
253840
192000
747280
418320
89280
2040321.6
188720
632880
487200
1611200
23120
4016000
2544175.2
958880
46240
1467520
783680
4304000
37040
1474400
301600
436000
208400
170560
311680
1083600
541440
1326400
292320
336000
147520
665920
70880
85040
1708001.6
161520
557760
2075954.4
1557120
436000
538000
2386800
39040
935200
1445234.4
4298400
3106400
225920
853600
2490400
2885600
639120
502960
1522400
48080
39760
1569600
446000
119520
507760
498800
1002304
608240
91760
23840
402000
469040
60560
729600
609280
1593920
1494400
1843200
520000
133600
247200
193920
45360
101280
115520
3355200
103520
1243447.2
286320
85920
168240
710480
264000
1134400
3734800
1690712
1224098.4
394960
15040
1160000
868560
179200
347200
380160
176800
171120
152080
227120
497520
1700696
106640
1486400
889520
1014320
35120
366480
717360
281600
1154943.2
208000
35040
963360
88000
93120
260320
109120
478640
228640
457840
635200
876000
590560
277920
570400
93840
684240
1714720
1025060
640720
60160
900000
2756800
426640
414240
361680
128160
1040011.2
3016800
14000
21360
3191200
4850400
1209792
174560
3857200
302320
102160
835520
477440
1882800
3632800
224640
35120
506560
1223600
1739200
1382400
466480
1088012
165760
184880
38240
1869200
108160
382960
316000
203040
2396000
1784800
472160
448960
299440
1378824
1101600
139360
136800
1964000
1993040
506480
288240
6641600
1461456
286880
1573600
530000
31840
1851588
2399200
306400
92400
846960
3031200
290720
98000
134080
581760
449200
93440
2314400
304960
355920
68960
405040
248320
116400
19120
6447280
517280
465120
737200
740080
660000
296560
23200
1429520
946320
678800
2476800
200000
296560
394480
64720
1180000
604800
123840
22400
104000
407680
653929.6
613320
932720
513600
990320
211920
1961600
265600
46240
136240
39200
735440
330320
1709780.8
844880
746000
348400
460080
237840
84320
74560
428320
184080
88480
119280
196800
893200
1138400
54960
600000
1127840
19920
302800
2824800
7120
605520
458000
424000
2719200
3877600
4745760
76400
2022880
1628000
1621600
50400
500246.4
1330400
251200
694480
35040
200000
87760
11200
778320
701840
79600
1799200
555200
19920
144000
570160
2946086.4
682240
31920
832000
1537600
493440
155280
535360
140240
25200
175520
725120
1246400
161680
2721927.2
314424
901120
26720
548800
829920
10695200
267520
1324000
38240
111520
342480
1307600
224400
62160
1665200
120080
58160
324560
1362400
185600
469360
1690800
2612000
988000
1471200
414800
2572000
2333600
53440
480000
3323200
203120
274720
585040
1443200
14400
530320
300000
196000
460400
34640
108320
200880
1961600
133360
890400
262880
96720
58160
636080
706800
202880
1156000
1332000
2537120
2628400
624320
190800
117200
142480
673200
311280
533280
58960
1299600
2400320
673120
1799312.8
632000
120480
656000
8640
1176720
349040
1239200
118560
439520
174240
481680
172960
354720
1105920
19600
2886400
872240
697760
52320
592240
407544
390480
313360
473840
189600
767916
15920
163520
3260000
593760
972000
948960
123520
78407.2
355840
6378800
965120
102960
426320
1726468
594800
1033040
1687680
4819200
1284400
102000
3710960
374080
134400
1738400
5108480
94880
80160
160000
2163379.2
112400
1776240
58320
1946640
2181600
717920
2478560
2506800
527200
49120
2334140
813280
396720
618400
283280
230080
17520
104720
635920
1555561.6
139440
513280
61360
48800
579360
27040
45360
89360
469280
311840
230720
384000
437840
1670162.4
45360
35040
106800
228720
63680
2768800
2126400
898960
11920
367600
1141600
1136000
1480000
83680
487920
472160
1337600
911040
1370200
309200
204000
180000
274880
2377120
81200
355200
434880
329760
2251051.2
461181.6
1638400
486240
280400
771200
762240
12000
309600
31040
2785200
29760
3723200
1971440
1946080
1036800
250560
2624800
988000
859600
169520
2201200
980960
54960
357840
97440
1168720
133760
249680
3047452.8
338640
147360
1575200
2045877.6
692000
4006400
670800
327520
113040
33520
952800
698720
324800
4490400
968000
999210.4
31840
94880
5492800
1075200
281120
1453360
138320
323200
15920
2268360.8
788160
269120
1528800
1019600
174720
586320
267360
283600
408560
103040
2082400
833280
644080
560240
258160
1810720
3130400
3016000
820880
1796000
1008080
1492000
7120
231280
336000
843280
1143651.2
648400
785360
272240
292960
147920
403680
42160
2741833.6
15120
92640
200360
1459120
630560
548800
693200
552640
670960
283200
44000
732160
1451200
236000
196720
237840
166400
6748800
8640
23120
344240
1663920
4822400
547600
717600
572560
517200
1315600
2464800
401360
2844595.2
1426400
905600
148880
283600
729520
370960
2949120
1258400
729280
727920
1832768
400800
803360
491600
2483920
1876000
66560
536000
19120
2610400
398000
723680
359760
67200
708720
53200
686240
639680
180960
4895200
483600
4132000
1516000
1868800
993920
153120
5015600
155360
1215200
2585600
111600
58800
136240
1991040
67840
141040
101040
118480
31840
4239360
475520
2502400
115413.6
1420000
2243920
632320
260960
57280
1637600
1197864
473680
2574400
184480
196560
125440
1352800
2120024
1716400
699200
84480
310400
5600
65360
1847600
1721499.2
819840
2498908
344960
113120
3089360.8
2803200
379680
76000
174240
1316800
492000
568880
146960
2230072
1334400
347920
1149440
101200
6576400
591440
1004400
723120
1688390.4
860000
1428800
644640
80320
214640
800160
1384692.8
26400
240480
6809600
1137680
95280
421280
54960
64000
350640
337760
114720
496000
1201600
111120
8590400
990640
384800
2137600
268000
819360
147280
84000
408960
2356880
1276800
732000
416000
525040
255600
152160
710800
114000
4588160
1014064
34400
673760
480414.4
1052560
8520800
2928996
612480
584080
324000
4057600
244720
4122400
829300.8
917120
125040
2236880
2317520
1509200
2241149.6
844400
19120
75920
2167600
200560
4506400
256080
12720
548960
196000
144320
61280
651200
270560
834400
418400
190240
66160
224000
397520
1093840
212320
2044800
712880
471200
169200
1234936
4308000
3065600
320000
249920
85040
17520
4625600
59200
165440
3356000
366240
713520
2750240
2854800
827600
1802248
3196800
108400
761027.2
4394160
728080
248800
136800
595760
113120
1556800
180000
438880
2848720
1041200
13600
62480
735200
1762441.6
2251440
162960
1088000
44000
422960
2855120
400000
170640
115440
717200
706160
468480
1263736
910400
246720
1265820.8
52800
40960
542160
451360
55360
1088720
112800
142560
617680
145360
651760
130800
85200
3520240
368560
638160
697440
342720
43040
241440
449600
1029528
184720
1153920
759200
541600
1044000
93920
1069600
188560
595440
1974800
1583040
2818800
932000
1753840
2951320
1589120
4047600
828000
231120
810880
1035600
1680640
1964000
22400
221200
1961320
502320
2094400
330480
614000
797200
2158400
1181600
307200
1015920
559600
520874.4
52000
796000
2301520
434640
272800
411200
2223600
15040
576000
3547200
807756.8
1946400
1814720
290560
351760
944871.2
299600
176800
550080
64000
267040
131920
514640
881600
86880
2763520
2565600
831920
236480
237200
405760
81280
10800
1520400
70880
1354000
2044435.2
98480
1918800
145440
2063240.8
4484000
101200
186240
132960
62800
349600
948320
302240
31440
89200
220000
525760
573200
249040
432400
1494400
659120
360000
1805339.2
113040
289280
959120
206800
31840
161040
554480
448640
46240
685280
120000
261360
128960
464800
317680
1611520
74160
23120
1624000
8487520
3637600
376800
165280
221360
294640
471680
3547200
84560
864000
803200
210160
224400
186880
1471804
92400
2832800
1646781.6
1277240
1809592
1783731.2
433040
184080
346160
2731720
283440
616400
496320
1452800
486640
1788000
2252751.2
447760
3039496
1326240
1719248
12720
138640
5615680
4159200
3254880
123920
875840
122560
1594000
681752
9751840
1119566.4
1304068
3239840
2959200
2804800
505840
98880
3584800
2597200
71600
288160
854880
306640
185680
247040
64000
1837360
2521600
31840
585360
235680
34400
80240
61360
383120
29440
185600
88000
8640
327360
101840
636160
70000
129760
1314962.4
202320
86240
678320
1909600
1464000
384000
183920
3884000
462400
371600
1678400
6462400
2323200
2784240
130560
2121600
92320
427680
72800
336800
240640
1677040
372880
89360
1855219.2
370400
854960
977600
237840
400320
694800
444000
1199200
7120
672000
1229600
66320
473680
1487173.6
223680
20640
58240
472880
729920
1608632
217600
44560
35840
64800
313120
398640
148080
59920
79040
3775200
76400
2618400
68400
122000
974750.4
171360
61600
115520
589360
70160
371040
4947600
729200
438800
972800
101120
165680
151440
320400
47760
1654992
34640
1291600
283120
2036417.6
316400
4063200
1340092.8
316000
3000935.2
1172000
3398400
80000
509280
2232000
668000
831920
331520
3180000
116160
869600
1266400
2627600
234560
65280
47760
325600
423440
2993600
172400
2271929.6
19120
240000
278400
540640
1723040
1232000
2042126.4
1519742.4
25520
19120
368720
31840
153600
538240
82880
526240
928240
955680
336240
150480
223760
211920
120000
348000
180000
821920
1022400
460000
664000
795040
689600
544800
33600
1008000
745600
473680
2108480
69760
1549200
119520
1718000
31840
1773061.6
146560
715280
1521600
2244800
462640
538367.2
3416000
475520
978747.2
1239600
3754400
19920
349600
106400
159920
284000
26800
1029840
31920
1046040
393920
101120
171120
60640
578724
1136000
364800
5397600
2434080
18720
136320
4600480
198000
9721200
1020000
150880
1153127.2
528480
67680
66880
654160
2460800
614400
247760
688000
227680
7869520
125200
141200
75280
687360
546560
220640
311520
5416320
4879600
78800
115040
900080
299360
591680
1174400
10564640
677600
104000
1835600
1472000
267760
7042400
601600
324960
2473127.2
31600
2581600
374800
247840
23120
618960
16800
2418400
2221600
110960
132960
412800
2877120
3324000
3816000
275840
1140000
1468640
1433360
655120
88640
1874240
4534400
1274000
287760
2323364.8
2232299.2
554320
3372720
1237040
23120
355760
1069840
3809600
895840
962720
180000
386640
1398736
2032800
656
334160
821732.8
103440
2703208
2235708
896720
997440
194880
2849600
239840
711600
739600
175600
19120
1171120
28800
89680
652400
76560
300560
2290320
1737600
253280
601600
1035520
15760
83680
5599200
2575200
386160
758240
656800
188640
1203302.4
487200
3741600
646640
153600
74880
173600
625120
77360
592000
69920
59520
28000
177520
1133067.2
40320
514480
112000
1991200
384400
2224560
313040
1514560
2291809.6
2121135.2
409600
640080
513520
4649520
444320
1206400
4840800
452560
2012068
390480
489760
58960
27040
358320
318880
5996000
1441772.8
107600
766560
256000
26960
376560
1464416
1372320
45520
844400
2627864
306400
662320
688080
979400
548800
445680
156320
1829635.2
845360
31840
1198000
173680
88320
2539200
132000
141840
319680
58640
1338792
498320
182000
512400
272000
114560
99840
193840
289120
697680
711360
54960
3174400
596880
124160
919920
1256000
335120
1498400
617840
2518719.2
906560
640480
1623840
1079320
45840
681280
74720
305280
54960
591200
1658400
638240
1577200
15920
1155520
598080
423120
1399120
25520
719200
266160
243840
748000
5844800
752000
1189200
948000
2498400
18320
905200
441200
1094240
480720
268240
592000
1149840
485600
31920
1112000
1103920
775040
2387200
334080
2401920
1499520
43680
272000
449600
159200
800240
1703952.8
2062000
1000000
444160
3987200
625600
1737120
85760
1780320
408240
292000
555120
79600
55760
117840
358480
755520
568560
17920
8640
6790400
152000
352560
383040
23120
1492202.4
523680
402320
191040
45360
1789312.8
128320
42000
70800
2776000
768000
1183920
247520
76560
914960
204800
631040
95680
165280
5256160
382480
39040
743600
7739440
996000
895200
1279592.8
7120
121920
157520
101280
75680
1652000
262880
1663600
238880
201440
57760
380240
423520
724400
218640
4672560
534000
121520
117280
116000
389680
958480
434080
1180800
277520
426960
116000
931200
479920
3983040
443840
594720
1073120
265760
356720
356720
649360
392000
4529600
729760
2679440
1725600
234880
93520
424960
321920
23120
105360
872000
128000
863200
35120
1244120
207200
248560
180960
176000
441120
2236160
156000
229200
466640
2099520
1000240
23120
140080
1323200
1743520
16800
63680
1977600
766480
226320
2072800
88480
1914800
846960
293840
1464000
143920
792000
840320
1421360
141520
1176000
1873600
575280
2678825.6
555840
1646400
60640
1204800
351760
1722400
2496493.6
2461939.2
1548800
15040
1575200
545760
1542320
2519440
92320
429440
705600
2506360
187680
619040
729920
58640
256560
2048000
456160
2895200
255360
747407.2
1163840
30320
1489200
6214400
1465324.8
2102943.2
1216320
50960
2363600
42240
67520
2366045.6
422080
202240
92160
1840000
3316795.2
262080
281339.2
117520
388640
259840
526640
160880
70080
47760
6246400
495600
612480
364000
553200
641040
564400
43040
2441576
547520
3184800
879916.8
497520
151200
51040
6000
302960
2012881.6
39200
353920
158720
63680
31840
302720
2099920
386960
88320
355200
558320
660160
1646244
1665696.8
78480
988320
527360
51760
619760
437760
118000
916000
1684863.2
1399200
51440
246000
424400
2169600
881566.4
105440
118400
214400
140320
646145.6
31840
71360
1923920
610320
731280
284400
357520
1657920
1529200
2968320
172880
3401749.6
4556000
1925120
895040
1006178.4
2026000
25440
1154400
536880
37200
1884063.2
3955520
64800
1293600
2048800
87760
397360
1204607.2
728080
959600
89120
782000
304080
1396000
632320
58800
1149200
2583200
606320
253280
820640
2424800
2135200
5765680
2766400
883680
730560
304240
46160
255920
1451920
78000
17520
346080
241920
598480
692000
663600
26960
1228000
2210400
56000
57280
1653506.4
2852000
1444104
409840
967920
4538400
5040400
634800
2153200
273840
2375520
8400
220240
347840
1172000
729360
309840
1299352
92080
319520
1329660
699760
989280
65120
40560
1007200
3079920
1573920
344560
268400
620000
1487560.8
171200
132000
148880
726800
597440
3586480
19120
377920
2450400
544865.6
2050606.4
894947.2
921945.6
578800
439360
676480
1029520
765520
616975.2
39200
152320
5600
2101600
23120
698400
819600
171920
131120
690560
2940681.6
1307120
1623200
1639360
240800
54080
252320
40640
234960
2483840
128400
387200
1006400
724080
857040
29920
2000545.6
1064158.4
1729200
178400
57440
16000
1096027.2
467760
1549012.8
323760
788080
66880
1337520
719200
953600
31840
150720
557318.4
1100320
93920
60640
14000
677761.6
1695600
3008192
1702000
449040
321920
156000
872800
2037288.8
1084000
24720
586400
1678400
252560
1795200
544160
3096000
19120
36640
1874080.8
748720
1812120
1813200
3520800
2147200
1516147.2
272640
39200
308880
851920
507360
1440800
1662400
413120
2736800
3111840
643760
91520
352720
868800
2284308
33600
602720
823360
529280
2237520
827600
3624400
315040
911840
809600
1174000
93840
1060000
669200
1439920
3479200
2679304
376000
112480
470960
300400
78320
1603520
976800
283200
506320
5928496
118560
651680
35120
633200
536960
519680
2269600
1556000
62080
88000
1710150.4
36000
48720
119760
355360
261360
112880
176880
36800
369680
3234400
1533600
769200
71600
39760
4476000
2876720
1155520
142560
243760
1022160
364000
2385600
333920
426640
78560
253920
50640
1947200
7422640
881920
423200
552800
1340000
1092563.2
1172842.4
449200
177200
2143200
3190400
2633600
212720
264000
49680
181600
650240
4069200
484720
33280
2240000
811840
399920
56480
579520
126480
35120
46400
165600
211040
98838.4
143360
388560
465280
3457600
1331600
3176240
4461840
666000
542160
184000
2251040
105600
780880
1154080
779040
1424800
262880
803200
794000
56560
155920
493440
171360
820560
2714400
3686400
210384
678480
16000
177200
876800
316240
2612400
34080
964880
79360
627200
3178336
588800
1151600
180480
118720
628000
629440
128000
275680
2101720.8
3028000
474560
318800
723760
453200
908800
267360
63840
104000
44560
121840
783520
398240
99200
713680
87920
283680
275600
1078400
223680
516960
1587904
2152800
628800
607680
852320
284880
7658400
1245600
25120
1671390.4
31840
1008400
359120
3520000
1634400
3548000
827867.2
1050480
4284800
267840
3736800
359200
117840
700000
2490800
472640
568160
2261040
389840
1946720
698880
1300800
232800
525120
41520
1214117.6
54400
456000
196000
597760
512560
523360
1961760
55040
868297.6
2889120
1539856
2024000
84720
128960
452000
107520
43120
691280
40640
124640
46720
4392800
33840
511520
437040
32640
318640
356480
243680
1261840
2790400
490720
108240
435520
318640
116000
1275200
506845.6
1020000
293040
25520
48560
2539688
1583920
7128000
235440
2566560
1316000
662640
98800
954960
48880
234160
6127200
238000
1549120
79840
384560
225440
472800
327200
22400
516160
815680
71200
63680
236000
103680
482400
237520
1083200
1095600
323680
193440
2413520
69200
252800
156320
91360
1050480
337920
50240
532400
368000
544320
508000
263760
172000
4864000
568880
205600
476480
560480
64480
2308800
1556000
64560
5140800
360000
151200
907920
60480
3080800
1906887.2
4410240
2736800
2434970.4
910240
89600
332000
1864000
3911600
29600
1358176
20800
186400
13600
2358489.6
3539200
1934160
336480
2140837.6
1903420.8
476160
51760
783840
510320
472000
1226888
586080
30000
645920
204880
744000
198800
3310400
2088800
74800
969040
471920
394000
217360
433680
34000
411520
7490480
401440
257760
50960
1874601.6
1111248
552000
303360
1758400
1139960
1892800
39040
555120
1140770.4
260640
2001520
379920
2086080
1399200
2303840
259600
3312000
424000
1754400
376480
508800
426080
312000
156000
82000
2054400
471520
3410800
103520
333280
479440
2346400
571520
904960
2907200
132320
678800
699600
492800
2317706.4
1713200
2988000
67840
351920
24400
822720
208400
309920
432240
911920
1198640
326400
1312000
543360
77120
718400
609600
759200
4344000
932000
442000
208000
776000
1064800
31840
156240
1102800
199760
92240
1134320
366480
312400
534240
351040
605200
88480
6790400
868800
222880
876000
1013760
214640
533200
480480
3451200
487200
750320
1872400
123600
25520
172720
7120
346880
278800
376800
1584400
598080
1391276.8
769840
467280
696720
934880
15920
54560
436000
163440
1731120
593920
530160
658880
231680
2066320
793200
710800
28000
2804800
459680
1047521.6
507520
27920
836160
173200
1273716
1555360
1349600
371280
668720
14400
1160960
1179200
1069200
5119200
2054000
1548408
65280
1808000
1125440
264480
862000
232000
1112560
151440
248400
155760
3694800
376960
45600
1132000
153600
696560
12800
192000
123920
11920
39840
1279214.4
171280
83600
278960
473200
122640
1828000
2503200
52000
844640
142320
827840
394320
29920
887120
79920
273200
5014640
1991920
787360
2079920
108400
178800
153600
553440
1387600
159200
1944000
640960
799200
74720
336800
1336000
1205120
69360
132480
37440
410960
247280
219120
624640
104080
656000
708160
74960
164880
2324026.4
94080
518400
3968000
1174806.4
786160
6614560
1465680
529200
83680
3607568
2087920
151360
778800
54960
15040
684400
596160
725680
607840
882400
302880
44000
187920
323120
1312000
950800
1536000
476560
2759380.8
5127200
205760
828000
1965264
4371840
2689600
97120
967360
576640
166720
1150400
128240
1178213.6
695280
1355200
94720
885920
1198000
2036000
667792
152720
2989744.8
1220800
257200
1240960
728080
649360
2288198.4
2006400
408640
1154720
261600
77120
501360
44800
475920
245600
1887840
212320
713280
51120
1558400
4120000
187200
1648320.8
1003600
1461200
256480
944000
66400
7429920
239360
105200
2558400
110960
154800
1981360
564720
1530160
436640
2909600
47840
4898140
6000
880960
853200
95920
12000
346160
1259200
199920
2109600
35040
2178800
374160
801280
632000
559840
1447970.4
1308960
2505600
5159760
122000
155600
1708320
640000
78000
947920
350320
3118560
278720
339360
4972000
849200
663680
912510.4
416960
35840
519200
194480
594800
117840
325600
106080
584816
1936000
661322.4
171280
653440
1811920
7871200
1455920
444640
63600
208720
63680
1514400
123040
249680
54960
781840
372000
1791056
483920
482240
45440
1868000
56000
827440
178240
798240
1752666.4
652000
1108880
252960
225280
808960
179440
63680
441360
111120
737040
2826320
1672778.4
638240
311040
11600
2039200
374800
164160
1410320
3064400
380560
637600
856000
1035520
169840
1194960
117840
532000
1333440
255040
316800
159200
737200
784560
620960
1370283.2
46800
91200
1205440
729440
683200
84400
39120
7555200
120080
2097137.6
354400
803040
1242240
863600
108080
50160
399840
594787.2
578000
2721600
19920
149920
999360
3072764.8
931840
91040
1002160
1366846.4
752048
532400
28400
607840
286000
8255200
17520
493200
95680
400640
550480
611200
2252400
343280
1295788
1309600
2364000
2431200
644000
2564541.6
1264800
1900320
627440
131200
2016744
17520
5360800
6342560
1256400
1525226.4
509040
475760
124400
3622400
340960
982720
122320
140880
72000
2517224
67200
1647120
2179132.8
805200
44320
23120
2627440
816240
587280
410400
1356000
591520
76480
1472077.6
236480
354160
2810800
29520
190640
157040
314240
47760
2398088
1910000
198720
665600
222880
585440
53760
1281200
504080
2743600
1956120
1131245.6
552000
2139920
134880
1062880
420880
599200
206880
80800
3156000
627760
184880
7120
262240
2495680
143520
2130000
5111200
3060800
1226504
1304944
1389200
98000
35040
120080
979200
187840
39200
166320
2058320
2553552
228000
1068800
819360
1659200
595440
694400
385600
1328800
1283920
240000
31840
200640
697680
288320
463520
42240
599440
688000
207360
550880
623200
836800
893200
931200
86800
82720
250640
2803200
326240
546960
15840
2128440
366160
223840
3375200
472000
741920
2343368.8
826240
647920
769680
736240
4361120
233200
568240
1482720
246080
3256000
43920
917600
289280
683200
131360
72000
14000
701360
39440
697600
201200
207920
2558287.2
49120
98000
91120
458880
1637448
2127520
31840
2169174.4
1161946.4
300320
1686000
70880
184000
127520
407760
714240
957220.8
143200
23920
512320
691920
490160
2296741.6
213600
1754400
220640
213280
1062400
357520
39760
127520
386160
632000
1511731.2
995200
183607.2
188640
450160
378480
107440
78080
295200
1791600
3627040
146880
906960
273040
157920
485840
77120
218000
2625032
36000
404480
2090720
1152985.6
341760
446480
2326800
2220345.6
950080
950080
1356004.8
1062671.2
1237600
17520
40000
754880
221520
819120
210880
1620240
163600
1395229.6
168960
147360
58080
2397840
372160
436000
121840
113840
43360
698000
124960
1909200
202960
153840
627840
508000
344800
3068800
991200
1801200
19120
571280
1712640
706731.2
4276800
1360080
575200
508000
1327200
303920
1770400
134720
25440
704800
383280
1671600
1175200
612720
488000
125760
1683200
585920
1401520
1524031.2
6938640
31840
2373600
3564640
38400
361840
110960
8315840
121120
1956000
423680
123680
765112.8
2350320
58880
467200
384880
657520
22640
162080
779920
115360
202080
29520
15760
78000
278720
967699.2
1021600
272000
3774400
157840
2052000
881600
940000
1836180
208560
50800
518160
201520
844000
2225920
508160
382800
186320
88720
1776320
310400
833040
1500000
1727111.2
108000
280960
174320
63680
104400
2624536
299520
458640
1936000
44000
66160
625840
2074800
1679200
162400
1352000
1909600
460720
668000
17520
253760
1188972
130720
25440
302400
378320
2608000
941360
6642560
1220444
92320
1807944
682560
48720
928024
849408
1244328
60320
1245120
30560
454640
1041600
328560
190800
922400
31840
17520
128720
295600
509920
31920
663280
2073040
4179200
1122725.6
130320
634880
211680
448000
1349520
1642800
3329600
5009680
434400
77840
3931280
372400
836800
417600
4706400
48640
382320
155680
25520
292000
118320
757440
588800
1376000
262160
1020800
162480
2091840
335920
595920
311360
912000
1106590.4
412000
51920
92320
483040
117120
2292320
269120
156000
504640
1365098.4
17520
72000
692000
2709733.6
298320
602400
80400
1112000
480720
2240000
55760
69360
662800
408000
63680
6400
182320
1032832
986400
156000
309760
566400
552960
17520
900400
38320
424000
1834781.6
36000
337520
2941200
1029280
39840
350320
1650400
1873600
464720
279280
409280
5976960
89760
467280
129680
597200
146720
427840
234080
310960
52800
760400
2274827.2
190800
1006000
1153600
1185280
2016000
34320
1882400
3739760
1196800
121120
1184400
1670400
216000
1106517.6
1896400
370480
15520
718400
127360
2672000
1386240
120960
1223680
128000
3816800
2303920
345920
1310400
28000
77600
35040
151360
466000
1500956
600000
62080
1559200
2260253.6
516000
233040
649200
1904000
20240
273680
801680
717440
597920
4169600
507760
133040
43760
228320
31840
602240
57520
113200
444320
8695040
2563484.8
67680
573520
376400
315760
322560
58160
129840
402400
4028000
503658.4
2042656
524640
2472240
429680
993200
1016800
718320
58880
340880
474720
1490800
146400
512000
2584800
721840
5175840
2284000
747280
2338800
219280
591600
1367636
1911040
2141142.4
504000
1878000
1115120
4065920
804000
280240
305920
133840
1099600
113840
87600
63680
75680
601840
878720
228080
582000
1369736
2007200
952000
33520
145840
599360
459520
252880
971440
405680
519280
26720
298240
88000
473120
84480
943600
710880
124000
15760
270240
674720
648000
545600
477280
1803600
502000
854880
740000
15920
490880
5033600
44000
767920
422400
223440
150400
528320
460000
6449600
281760
65360
408960
1943920
1480320
823202.4
2021844
2056000
2092080
1098640
1941392
1536000
727360
31840
170480
66880
402160
389520
6131920
504160
708240
523760
1600400
315520
1013040
1167549.6
934800
292640
513520
1643216
377280
102800
86000
806640
226480
573520
274720
1847200
1754800
339920
1416000
560000
856720
632880
157840
450640
20800
48800
248000
496880
2402080
84480
73040
193680
937680
418000
764800
1622979.2
1025853.6
237600
764000
19920
1404000
421600
577553.6
385040
286960
3678400
266400
139600
308000
2032800
199360
1771360
188080
188800
1633761.6
1994890.4
1340601.6
27040
315840
2846457.6
790320
1755520
86000
1874400
1305200
1842760.8
778480
526240
234320
437040
960000
905920
809200
1181600
274800
95680
221040
3784800
1539200
433520
96320
4203200
498400
879636.8
726160
122560
637680
467120
599600
1379200
290880
44000
3022400
592080
891200
68000
1419887.2
978080
974400
1359200
72000
731760
843360
689440
966056.8
694960
839280
136000
1917840
2515200
60320
413887.2
270640
826000
474640
243440
299840
849680
805936
100800
439840
583360
242320
206960
534400
1630860
54960
764640
869360
137920
1516800
477280
172720
424560
2403200
1466960
181360
220560
638400
1076328
79520
256240
1188400
124800
49360
580000
1505271.2
1315840
1544480
940160
437040
8640
589680
1822718.4
289200
95280
80320
777816
40560
1496312
92000
2544800
572560
423600
4922400
649040
3065760
2006568
300000
82720
111040
263840
86720
834527.2
703859.2
2065870.4
49120
70080
965840
897520
1711200
5028800
878080
1429760
755920
1468238.4
2484800
49360
314320
34400
881520
905200
2157054.4
858000
442080
785200
153360
309360
1480000
138960
43920
584000
3497600
100000
139600
4072000
5612800
223040
1253600
578000
188000
26720
456480
183360
1175520
1751336
352000
293120
44960
1307920
5240000
485520
643112
194320
869360
540480
525840
1206400
192400
6029600
291600
705608
602800
8640
328960
950400
675920
976000
549600
12756800
367200
546240
842880
382960
215040
63680
125200
953630.4
102800
167360
202800
6443200
8516000
78080
4362720
519040
191840
462720
1884800
35040
672000
1689924
1618400
120240
131280
399120
398000
313440
1650400
19120
686480
833200
97440
234400
63840
332400
493840
360720
1613512
1948000
168560
2295760
544000
395440
171760
1240323.2
4057600
3925200
563680
698560
1832000
1244000
1073600
95200
419360
278400
1129106.4
90080
1358716
251680
44560
54160
413520
23120
63840
367920
459600
171920
487200
247600
225200
534240
2459200
913600
2270268
282800
1267920
2279791.2
603200
3104400
724640
492480
396880
2964424
17520
60400
3005736
279440
800960
1584326.4
132000
47200
251040
1407200
1029280
139280
747934.4
49360
225360
142560
3922400
2293444
2628000
750640
15920
5440480
3145600
1036751.2
531760
1475840
236400
1174400
165440
1023280
72000
188880
433040
80480
1557448
109200
2090309.6
83760
643600
620240
55680
4812800
291520
56000
366240
269200
439440
2976000
633200
916580.8
52000
1457600
813600
5888400
238000
35600
515680
23120
182400
152000
449200
205280
263440
269120
1656000
112320
2351352
20000
141840
117360
60560
411920
521120
137280
446400
482800
6415200
822320
152000
1799920
517360
53920
6673920
214800
640640
757120
2463600
17520
2716694.4
204240
230000
690640
2717520
44000
128160
432000
2103258.4
44000
766160
78000
1120400
564000
351200
515200
1402416
925040
777600
77200
1127600
154000
235680
19840
1592800
725840
499360
394640
188000
301476.8
573440
542240
1225760
44400
263600
96000
1747600
166880
278720
116400
374960
2038400
72000
4912000
4061600
336000
494480
57440
11955200
232016
959587.2
182400
296000
2359200
238480
105920
911920
1574800
87760
1524736
1629200
392000
67680
815920
959200
296000
136320
464560
873202.4
15760
8041840
85040
1121136
257920
1669600
1258400
153440
1990080
631600
97120
165680
493920
2350414.4
881230.4
734800
39840
572640
740160
2750800
83760
3894400
581440
1474000
1834800
4700800
60000
132240
156240
742720
125840
758720
477360
432000
80560
1467336
11200
2849648.8
330480
966160
1632887.2
387600
421040
834160
938480
1448000
2654496
738240
48640
2059264
2454400
19120
1751200
80400
101920
2666872
1887200
8402800
511200
480000
730160
274640
394400
992000
86400
3944000
553600
359760
73200
2867200
45280
16000
19840
1998935.2
753200
1162400
675120
608800
1554780
1569600
789520
904000
195200
1517130.4
167280
1656000
101680
277280
597840
2574438.4
98400
671440
47840
25440
1498400
868504.8
429200
